29 14
30 14
29 15
31 15
17 16
30 16
31 16
32 16
14 17
15 17
16 17
17 17
21 17
22 17
31 17
32 17
33 17
40 17
41 17
13 18
14 18
15 18
16 18
20 18
21 18
30 18
31 18
32 18
40 18
41 18
6 19
7 19
13 19
16 19
20 19
21 19
23 19
25 19
26 19
29 19
31 19
6 20
7 20
13 20
14 20
15 20
16 20
21 20
23 20
25 20
26 20
29 20
30 20
14 21
15 21
16 21
17 21
21 21
23 21
24 21
17 22
31 25
32 26
33 26
31 27
32 27
38 33
40 33
39 34
40 34
39 35
46 40
47 41
48 41
46 42
47 42
53 48
55 48
54 49
55 49
54 50
55 50
56 50
56 51
57 51
56 52
57 53
58 53
59 53
59 54
